10 20 44
10 35 113
10 50 207
10 65 300
10 80 429
20 80 603
20 140 889
20 200 1233
20 260 1682
20 320 2203
30 180 2656
30 315 3296
30 450 4095
30 585 5045
30 720 6166
40 320 6865
40 560 7902
40 800 9247
40 1080 10882
40 1280 12719
50 500 13918
50 875 15492
50 1250 17557
50 1625 19967
50 2000 22720
10 30 22774
10 40 22844
10 55 22943
10 60 23046
10 70 23162
18 20 23176
20 35 23248
20 50 23348
20 65 23485
20 80 23647
19 20 23650
26 35 23696
27 50 23810
30 65 23976
30 80 24202
24 20 24205
33 35 24237
39 50 24296
37 65 24299
40 80 24502
26 20 24505
35 35 24512
45 50 24519
47 65 24596
48 80 24722
